Date,Open,High,Low,Close,Adj Close,Volume
2021-01-04,375.309998,375.450012,364.820007,368.790009,367.586090,110210800
2021-01-05,368.100006,372.500000,368.049988,371.329987,370.117767,66426200
2021-01-06,369.709991,376.980011,369.119995,373.549988,372.330505,107997700
2021-01-07,376.100006,379.899994,375.910004,379.100006,377.862427,68766800
2021-01-08,380.589996,381.489990,377.100006,381.260010,380.015381,71677200
2021-01-11,377.850006,380.579987,377.720001,378.690002,377.453766,51176700
2021-01-12,378.890015,379.859985,376.359985,378.769989,377.533478,52547700
2021-01-13,378.690002,380.859985,377.850006,379.790009,378.550171,45303600
2021-01-14,380.589996,381.130005,378.100006,378.459991,377.224487,49989100
2021-01-15,376.720001,377.579987,373.700012,375.700012,374.473511,107160000
2021-01-19,378.339996,379.230011,376.750000,378.649994,377.413879,51233300
2021-01-20,381.109985,384.790009,380.690002,383.890015,382.636780,61836100
2021-01-21,384.489990,384.950012,383.250000,384.239990,382.985626,47955800
2021-01-22,382.250000,384.130005,381.839996,382.880005,381.630066,52860500
2021-01-25,383.670013,384.769989,378.459991,384.390015,383.135162,70402000
2021-01-26,385.410004,385.850006,383.540009,383.790009,382.537109,42665300
2021-01-27,380.220001,380.320007,372.010010,374.410004,373.187714,123351100
2021-01-28,376.359985,381.929993,375.890015,377.630005,376.397217,94198100
2021-01-29,375.630005,376.670013,368.269989,370.070007,368.861908,126618400
2021-02-01,373.720001,377.339996,370.380005,376.230011,375.001801,75817600
2021-02-02,379.649994,383.220001,376.320007,381.549988,380.304413,64450700
2021-02-03,382.440002,383.700012,380.480011,381.850006,380.603424,52427100
2021-02-04,382.959991,386.239990,381.970001,386.190002,384.929260,47142600
2021-02-05,388.200012,388.470001,386.140015,387.709991,386.444305,48620300
2021-02-08,389.269989,390.559998,388.350006,390.510010,389.235168,38365200
2021-02-09,389.609985,390.890015,389.170013,390.250000,388.976013,35551100
2021-02-10,392.119995,392.279999,387.500000,390.079987,388.806549,59154400
2021-02-11,391.239990,391.690002,388.100006,390.709991,389.434509,42755400
2021-02-12,389.850006,392.899994,389.769989,392.640015,391.358215,50505700
2021-02-16,393.959991,394.170013,391.529999,392.299988,391.019318,50972400
2021-02-17,390.420013,392.660004,389.329987,392.390015,391.109039,52290600
2021-02-18,389.589996,391.519989,387.739990,390.720001,389.444489,59712800
2021-02-19,392.070007,392.380005,389.549988,390.029999,388.756714,83241000
2021-02-22,387.059998,389.619995,386.739990,387.029999,385.766510,67414200
2021-02-23,384.660004,388.950012,380.200012,387.500000,386.234985,107284100
2021-02-24,386.329987,392.230011,385.269989,391.769989,390.491028,72433900
2021-02-25,390.410004,391.880005,380.779999,382.329987,381.081848,146670500
2021-02-26,384.350006,385.579987,378.230011,380.359985,379.118286,152534900
2021-03-01,385.589996,390.920013,380.570007,389.579987,388.308197,104945700
2021-03-02,389.820007,390.070007,386.000000,386.540009,385.278137,79389200
2021-03-03,385.790009,386.829987,381.309998,381.420013,380.174835,119482700
2021-03-04,381.220001,384.000000,371.880005,376.700012,375.470245,182856500
2021-03-05,380.459991,384.760010,372.640015,383.630005,382.377625,151959800
2021-03-08,384.660004,387.679993,381.420013,381.720001,380.473846,122957100
2021-03-09,385.850006,389.910004,385.309998,387.170013,385.906067,113457800
2021-03-10,389.690002,391.399994,388.170013,389.579987,388.308197,109660800
2021-03-11,392.230011,395.649994,391.739990,393.529999,392.245300,86027400
2021-03-12,392.070007,394.209991,391.200012,394.059998,392.773560,64608100
2021-03-15,394.329987,396.690002,392.029999,396.410004,395.115906,73427200
2021-03-16,397.070007,397.829987,395.079987,395.910004,394.617523,72958000
2021-03-17,394.529999,398.119995,393.299988,397.260010,395.963135,91822000
2021-03-18,394.480011,396.720001,390.750000,391.480011,390.201996,115112500
2021-03-19,389.880005,391.570007,387.149994,389.480011,389.480011,112777800
2021-03-22,390.029999,394.070007,389.970001,392.589996,392.589996,73527400
2021-03-23,391.910004,393.459991,388.660004,389.500000,389.500000,81478917