Date,Open,High,Low,Close,Adjusted_close,Volume
2020-05-11,179.37,182.88,178.52,180.88,176.4955,2631295
2020-05-12,181.97,182.592,176.44,176.54,172.2607,3610581
2020-05-13,176.18,176.565,171.01,172.82,168.6309,4729120
2020-05-14,170.2,175.66,167.85,175.41,171.158,4868360
2020-05-15,173.05,174.71,171.68,173.81,169.5968,6879617
2020-05-18,180.06,181.15,178.11,179.83,175.471,4653306
2020-05-19,180.12,181.46,178.07,179.57,175.2173,3365030
2020-05-20,182,184.6,180.57,184.1,179.6374,4920793
2020-05-21,184.18,185.48,182.106,185.08,180.5936,2913846
2020-05-22,184.48,185.35,183.18,184.41,179.9399,2475190
2020-05-26,189.59,190.66,184.24,184.84,180.3595,3990870
2020-05-27,188.74,188.75,185.27,187.72,183.1697,3993447
2020-05-28,189.42,190.48,186.72,188.73,184.1551,3568464
2020-05-29,187.43,188.7,185.7101,186.32,183.0157,5719059
2020-06-01,186.71,187.84,185.6,187.41,184.0864,2169455
2020-06-02,188.4,188.56,186.085,187.59,184.2633,3125455
2020-06-03,188.47,193.81,188.09,193.29,189.8622,3881453
2020-06-04,192.32,194.26,191.62,193.24,189.813,3469436
2020-06-05,198,200.15,196.27,197.16,193.6635,4728306
2020-06-08,195.68,202.73,195.64,202.65,199.0561,4443911
2020-06-09,200.37,201.57,199.01,199.52,195.9817,3728614
2020-06-10,199.13,199.555,195.6699,195.8,192.3276,3459865
2020-06-11,190.9,192.91,186.33,187.51,184.1846,5795967
2020-06-12,191.67,191.67,185.45,189.17,185.8152,4108594
2020-06-15,184.6,190.1199,184.13,189.49,186.1296,4500420
2020-06-16,192,193.5,187.51,190.32,186.9448,5434776
2020-06-17,191.92,192.88,190.42,190.79,187.4065,3154073
2020-06-18,190.01,190.74,187.89,189.49,186.1296,3153262
2020-06-19,192.29,192.3565,186.53,186.56,183.2515,6264833
2020-06-22,186,187.77,184.89,187.46,184.1355,3223215
2020-06-23,189.55,189.73,186.32,186.62,183.3104,2951916
2020-06-24,184.96,185.71,181.34,184.29,181.0218,4146579
2020-06-25,183.51,184.08,180.325,182.76,179.5189,3145191
2020-06-26,182.37,182.81,178.88,179.74,176.5525,5107359
2020-06-29,180.57,182.83,179.17,182.8,179.5582,2622177
2020-06-30,182.92,185.2,181.89,184.47,181.1986,3163190
2020-07-01,184.95,186.44,183.72,184.66,181.3852,2193762
2020-07-02,187,187,182.86,183.52,180.2655,2690150
2020-07-06,186,188.72,184.14,188.5,185.1571,3171467
2020-07-07,187.37,187.85,185.25,185.82,182.5247,2399567
2020-07-08,185.5,187.23,184.75,185.85,182.5541,2776400
2020-07-09,186.22,186.59,182.62,184.33,181.0611,2333500
2020-07-10,183.78,185.44,183.01,184.88,181.6013,2714444
2020-07-13,185.6,188.95,184.71,184.92,181.6406,3221622
2020-07-14,185.09,190.84,184.73,190.72,187.3377,4138567
2020-07-15,193.9,194,189.88,191.77,188.3691,3735433
2020-07-16,191.12,192.76,190.15,190.92,187.5341,2111107
2020-07-17,191.34,191.9,190.13,191.48,188.0843,1972966
2020-07-20,190.9,192.77,190.37,191.61,188.212,2157480
2020-07-21,192.33,194.9,192,192.98,189.5577,3505717
2020-07-22,193.21,199.65,193.05,198.62,195.0976,3484707
2020-07-23,198.46,199.27,196.01,197.55,194.0467,2702178
2020-07-24,196.89,198.91,195.725,198.72,195.1959,2200026
2020-07-27,199.04,202.52,198.71,201.25,197.681,4541727
2020-07-28,198.6,199.89,195.5,196.24,192.7599,6051015
2020-07-29,196.3,198.46,195.71,196.21,192.7304,3342859
2020-07-30,195,196.4019,192.9201,195.41,191.9445,2705661
2020-07-31,194.15,194.675,191.6403,194.28,190.8346,3195486
2020-08-03,194.33,195.6,193.59,194.4,190.9525,3143754
2020-08-04,194.95,199.7,194.34,199.36,195.8244,3700233
2020-08-05,200,200.5,197.91,199.26,195.7262,2281830
2020-08-06,198.78,203.6,198.37,203.18,199.5767,3159323
2020-08-07,203.36,205.16,203.285,204.6,200.9717,2979950
2020-08-10,204.35,205.16,202.5367,204.12,200.5002,2783695
2020-08-11,205,207.42,204.25,205,201.3644,2478383
2020-08-12,206.86,207.4,205.38,206.02,202.3664,2167353
2020-08-13,205.96,207.25,205.35,206.49,202.8281,1795023
2020-08-14,205.95,207.33,205.2,207.03,203.3585,2060237
2020-08-17,206.94,209.5,206.85,208.67,204.9694,2619046
2020-08-18,209.26,210.43,207.23,210.32,206.5902,2921676
2020-08-19,210.22,211.17,208.64,209.51,205.7945,2711113
2020-08-20,208.12,210.99,208.1,209.88,206.1579,2085063
2020-08-21,209.96,212.185,209.26,211.57,207.8179,3484853
2020-08-24,212.26,213.5,210.93,212.62,208.8493,2463937
2020-08-25,213.96,214.185,212.22,212.65,208.8788,2302456
2020-08-26,212.09,214.42,211.6,213.76,209.9691,2316855
2020-08-27,214.34,216.1,212.1,212.19,208.427,3226762
2020-08-28,212.82,216.71,211.77,214.91,211.0987,3212491
2020-08-31,213.52,214.99,212.81,213.52,210.9604,2900867
2020-09-01,210.84,213.61,210.5816,212.69,210.1403,2926889
2020-09-02,213.25,217.13,212.69,216.23,213.6379,4091998
2020-09-03,218.11,218.11,211.9,213.8,211.2371,3126675
2020-09-04,215.29,217.78,210.76,211.73,209.1919,3828823
2020-09-08,211.18,216.3,211.06,213.58,211.0197,4107917
2020-09-09,215,218.17,214.44,215.71,213.1242,3213195
2020-09-10,215.72,219.48,215.72,217.24,214.6358,3325601
2020-09-11,217.69,219.18,216.28,218,215.3867,3616483
2020-09-14,219.72,222.59,219.34,220.56,217.916,2544140
2020-09-15,221.76,223.64,221.4,222.37,219.7043,2640872
2020-09-16,222.17,226.72,221.3,224.81,222.1151,3464160
2020-09-17,223.7,223.73,220.5,222.58,219.9118,3376985
2020-09-18,221.62,223.57,220.13,220.27,217.6295,3861750
2020-09-21,217.14,218.045,213.4,216.41,213.8157,2831750
2020-09-22,216.43,216.96,214.55,216.41,213.8157,2475978
2020-09-23,217.67,219.685,214.24,214.97,212.3931,2777715
2020-09-24,214.75,218.41,213.59,216.12,213.5293,1727041
2020-09-25,215.3,219.25,213.65,218.18,215.5646,2196831
2020-09-28,220,221.98,219.02,220.26,217.6196,2112107
2020-09-29,220.42,220.955,218.4783,218.68,216.0585,1732275
2020-09-30,218.87,222.2,218.41,219.49,216.8588,3034100
2020-10-01,221.59,223,217.79,219.59,216.9577,2443348
2020-10-02,217.51,223.3499,217.1,222.67,220.0008,3833110
2020-10-05,224.86,226.5,224.01,226.07,223.36,2913824
2020-10-06,226.83,228.66,223.6,224.09,221.4037,2453627
2020-10-07,225.58,228.41,225.125,226.48,223.765,1972777
2020-10-08,226.09,227.08,224.29,225.8,223.0932,3195785
2020-10-09,226.94,227.22,223.12,224.83,222.1348,3237709
2020-10-12,224.81,226.51,223.12,226.11,223.3995,2412627
2020-10-13,225.7,228.58,224.93,227.35,224.6246,2098972
2020-10-14,228.41,229.4803,227.35,227.62,224.8914,1862687
2020-10-15,226.15,230,225.59,229.64,226.8872,2178247
2020-10-16,229.77,231.91,229.1501,229.37,226.6204,2162939
2020-10-19,229.55,231.02,225.17,226,223.2908,2009635
2020-10-20,226.74,230,226.43,227.45,224.7234,1883639
2020-10-21,227.23,229.49,227.21,228.19,225.4545,1518200
2020-10-22,227.76,229.4,226.875,229.15,226.4031,1961450
2020-10-23,230.41,230.41,227.8,228.71,225.9684,2278124
2020-10-26,226.78,227.25,220.97,224.27,221.5815,2538058
2020-10-27,224.47,225.23,222.72,222.97,220.2972,1801922
2020-10-28,218.39,220.5916,214.46,214.69,212.1164,3273074
2020-10-29,214.69,217.65,213.07,214.95,212.3733,2477582
2020-10-30,213.6,215.22,209.905,213,210.4467,3451419
2020-11-02,215.88,216.32,210.79,212.56,210.0119,2983362
2020-11-03,215.59,218.1,213.95,216.8,214.2011,2615017
2020-11-04,215,219.47,213.3,214.87,212.2942,3360836
2020-11-05,216.07,218.2,214.68,216.31,213.7169,3622023
2020-11-06,216,217.885,214.25,216.56,213.964,3916076
2020-11-09,226.79,227.8477,207.17,213.22,210.664,7981211
2020-11-10,215.75,215.99,211.34,213.32,210.7628,4255577
2020-11-11,214.81,219.25,214.3,218.02,215.4064,4127212
2020-11-12,217.56,217.82,210.88,213.07,210.5158,4257495
2020-11-13,213.76,214.39,212.34,213.28,210.7233,3072628
2020-11-16,215.5,216.75,213.6301,216.73,214.132,3702131
2020-11-17,215.6,217.39,214.02,216.01,213.4206,2443547
2020-11-18,216.1,217.84,215.41,215.52,212.9364,3095154
2020-11-19,214.84,215.48,213.33,215.11,212.5313,2840460
2020-11-20,214.39,215.215,213.625,214.09,211.5236,3932954
2020-11-23,215.14,217.6,214.65,217,214.3987,3011272
2020-11-24,219.01,221.25,218.25,219.71,217.0762,3872224
2020-11-25,219.98,220.59,217.92,219.34,216.7106,1889200
2020-11-27,219.02,220.4,217.66,218.33,215.7128,1394366
2020-11-30,216.46,217.57,214.43,217.44,216.1103,3413588
2020-12-01,218.88,218.93,215.53,216.14,214.8183,4226275
2020-12-02,214,214.4,209.13,210.86,209.5706,6223661
2020-12-03,210.94,213.23,210.5581,211.51,210.2166,3732543
2020-12-04,211.6,213.38,210.1,210.74,209.4513,3151060
2020-12-07,208.53,209.11,206.19,208.89,207.6126,3826001
2020-12-08,206.55,209.1,206.41,208.39,207.1157,2709447
2020-12-09,209.49,209.5271,207.33,208.69,207.4138,3011056
2020-12-10,208.5,208.76,207.07,208.04,206.7678,2956368
2020-12-11,207.47,208.94,206.73,207.76,206.4895,2770817
2020-12-14,210.73,214.74,210.21,211.92,210.6241,4744960
2020-12-15,213.22,216.21,212.7392,214.86,213.5461,3799294
2020-12-16,214.88,217.51,213.66,213.8,212.4926,2681984
2020-12-17,215.39,215.785,213.53,214.25,212.9398,2558810
2020-12-18,215.15,216.85,213.82,215.08,213.7647,7929060
2020-12-21,210.62,212.55,208.01,211.67,210.3756,4342480
2020-12-22,211.2,212.905,210.37,211.92,210.6241,2773709
2020-12-23,212.3,213.4338,211.79,212.02,210.7235,1658765
2020-12-24,212.12,212.74,211.14,211.39,210.0973,1047650
2020-12-28,212.99,214.88,212.19,214.02,212.7112,2550104
2020-12-29,214.64,215.78,212.45,212.71,211.4092,1665725
2020-12-30,212.96,213.36,211.28,211.56,210.2663,1854990
2020-12-31,211.25,214.93,210.78,214.58,213.2678,2610914
2021-01-04,214.49,214.72,208.22,210.22,208.9345,4055409
2021-01-05,210.18,211.95,209.62,211.48,210.1868,2576065
2021-01-06,211.3,211.7083,209.03,211,209.7097,3083426
2021-01-07,213.22,213.22,210.56,211.98,210.6837,3142014
2021-01-08,212.9,216.12,212.23,215.87,214.5499,2639146
2021-01-11,215.09,216.12,213.1234,214.23,212.9199,2545893
2021-01-12,213.69,214.33,210.94,211.6,210.306,2951952
2021-01-13,210.91,213.13,210.9046,212.09,210.793,2069926
2021-01-14,212.1,212.67,208,208.5,207.225,3666716
2021-01-15,207.97,210.7,207.4203,209.91,208.6264,3593732
2021-01-19,210.68,211,207.88,209.09,207.8114,3331595
2021-01-20,210.15,214.41,209.63,213.63,212.3236,4077731
2021-01-21,214.06,215.96,213.32,213.53,212.2242,2676309
2021-01-22,212.51,214.14,211.17,213.38,212.0751,2196479
2021-01-25,212.22,214.05,210.56,213.34,212.0354,2615384
2021-01-26,212.51,215.51,212.17,215.38,214.0629,2907817
2021-01-27,212.39,213.15,207,207,205.7342,5464011
2021-01-28,208.63,210.36,205.13,206.82,205.5553,5401592
2021-01-29,205.11,209.4,203.11,207.84,206.569,5203314
2021-02-01,208.48,209.69,206.6,207.93,206.6585,2812476
2021-02-02,208.09,212.63,207.645,209.76,208.4773,2786000
2021-02-03,208.35,209.99,207.93,208.71,207.4337,3020703
2021-02-04,210,212.11,208.67,211.03,209.7395,2777644
2021-02-05,212.59,214.18,212.01,212.58,211.28,2600218
2021-02-08,212.53,212.99,209.96,211.58,210.2861,2696298
2021-02-09,212.07,216.18,211.77,215.98,214.6592,3047287
2021-02-10,216.88,217.31,213.81,214.4,213.0889,3161598
2021-02-11,214.54,214.8,212.4,214.27,212.9597,2583649
2021-02-12,214,214.7,212.99,213.9,212.592,2781322
2021-02-16,214.37,216.94,213.83,215.03,213.7151,2893080
2021-02-17,213.96,214.89,212.63,213.45,212.1447,3304816
2021-02-18,213.29,215.8601,212.65,215.43,214.1126,2190987
2021-02-19,215.29,215.73,211.97,212.24,210.9421,3181592
2021-02-22,211.5,213,209.69,212.06,210.7632,2911052
2021-02-23,214.5,215.7,210.43,211.32,210.0277,3243046
2021-02-24,210.84,214.1,210.42,213.27,211.9658,2887130
2021-02-25,212.7,212.92,209.74,210.95,209.66,3131399
2021-02-26,210.75,211.635,206.14,206.14,206.14,5333957
2021-03-01,207.35,210.38,207.35,208.25,208.25,2827891
2021-03-02,208,209.9,206.19,208.67,208.67,3016563
2021-03-03,207.52,208.99,205.61,205.82,205.82,3488639
2021-03-04,206.16,207.49,202.73,204.84,204.84,3926187
2021-03-05,205.75,208.23,202.9592,207.37,207.37,3608200
2021-03-08,207.7,210.591,207.14,209.11,209.11,3157129
2021-03-09,210.63,211.2,208.28,208.55,208.55,3646703
2021-03-10,208.72,213.63,208.24,213.31,213.31,3447188
2021-03-11,214.7,215.23,211.49,211.57,211.57,3618040
2021-03-12,212.04,214.24,211.42,212.34,212.34,2818192
2021-03-15,213.65,220.55,213.5,220.46,220.46,5483461
2021-03-16,219.58,221.3,217.16,219.86,219.86,3583426
2021-03-17,224.56,224.9,220.01,224.11,224.11,5240638
2021-03-18,223.68,225.35,221.41,222.9,222.9,3254846
2021-03-19,222.76,225.1828,221,222.44,222.44,7719379
2021-03-22,223.39,226.91,222.65,225.07,225.07,4220655
2021-03-23,223.96,226.4,223.7513,224.37,224.37,2794029
2021-03-24,225.32,227.02,224.04,224.05,224.05,2442483
2021-03-25,225.15,225.32,222.44,224.2,224.2,3249784
2021-03-26,224.2,225.28,222.42,225.21,225.21,3263234
2021-03-29,224.83,227.875,224.3,227.35,227.35,3621281
2021-03-30,226.13,227.02,224.22,224.98,224.98,2419008
2021-03-31,224.01,226.49,224,224.14,224.14,3564051
2021-04-01,224.67,226.22,223.276,225.21,225.21,2441261
2021-04-05,226.6,229.5,226.19,228.85,228.85,2866411
2021-04-06,229.71,232.27,228.72,231.91,231.91,3230903
2021-04-07,231.68,232.81,231.24,232.61,232.61,2551332
2021-04-08,232.61,232.8,229.2,230.25,230.25,2772285
2021-04-09,230.19,231.61,228.87,231.48,231.48,2729039
2021-04-12,231.48,232.38,230.49,230.96,230.96,2292700
2021-04-13,230.44,231.66,229.69,231.32,231.32,2570900
2021-04-14,231.22,231.29,229.59,230.31,230.31,2129200
2021-04-15,229.81,231.36,229.2,231.28,231.28,2063000
2021-04-16,233.65,234.26,232.31,233.08,233.08,2693700
2021-04-19,233.12,233.3,230.83,231.81,231.81,2254800
2021-04-20,231.24,233.21,231.08,233.01,233.01,1885700
2021-04-21,233.3,233.86,231.85,232.26,232.26,2065500
2021-04-22,232.83,234.04,231.94,232.96,232.96,1839500
2021-04-23,233.79,235.24,233.1,234.58,234.58,2137500
2021-04-26,234.78,235.35,231.91,232.31,232.31,2490100
2021-04-27,232.57,235.63,232.41,234.98,234.98,2623800
2021-04-28,235.2,235.45,232.26,232.41,232.41,2777000
2021-04-29,233.99,235.8,232.62,235.21,235.21,3146700
2021-04-30,234,236.29,233.87,236.08,236.08,2640400
2021-05-03,237.99,238.18,235.38,235.56,235.56,2458000
2021-05-04,234.63,236.13,233.24,233.86,233.86,2529700
2021-05-05,234.12,235.35,231.56,235.04,235.04,1951457
13731